timestamp[ns],frame
16504942637356,0
16504942638089,1
16504942638821,2
16504942639529,3
16504942640326,4
16504942641033,5
16504942641730,6
16504942642451,7
16504942643112,8
16504942643761,9
16504942644455,10
16504942645187,11
16504942645917,12
16504942646649,13
16504942647383,14
16504942648114,15
16504942648828,16
16504942649551,17
16504942650263,18
16504942651004,19
16504942651697,20
16504942652423,21
16504942653143,22
16504942653904,23
16504942654713,24
16504942655475,25
16504942656320,26
16504942657080,27
16504942657801,28
16504942658508,29
16504942659297,30
16504942660102,31
16504942660883,32
16504942661671,33
16504942662484,34
16504942663302,35
16504942664134,36
16504942664915,37
16504942665682,38
16504942666518,39
16504942667347,40
16504942668260,41
16504942669143,42
16504942669928,43
16504942670776,44
16504942671578,45
16504942672325,46
16504942673075,47
16504942673780,48
16504942674524,49
16504942675270,50
16504942676011,51
16504942676736,52
16504942677449,53
16504942678228,54
16504942678924,55
16504942679629,56
16504942680346,57
16504942681033,58
16504942681724,59
16504942682356,60
16504942682990,61
16504942683645,62
16504942684273,63
16504942684957,64
16504942685620,65
16504942686300,66
16504942686978,67
16504942687636,68
16504942688318,69
16504942688965,70
16504942689655,71
16504942690337,72
16504942691040,73
16504942691730,74
16504942692476,75
16504942693201,76
16504942693910,77
16504942694601,78
16504942695306,79
16504942696003,80
16504942696764,81
16504942697479,82
16504942698160,83
16504942698866,84
16504942699615,85
16504942700424,86
16504942701105,87
16504942701794,88
16504942702476,89
16504942703159,90
16504942703836,91
16504942704517,92
16504942705203,93
16504942705876,94
16504942706566,95
16504942707279,96
16504942707969,97
16504942708653,98
16504942709358,99
16504942710041,100
16504942710717,101
16504942711405,102
16504942712118,103
16504942712781,104
16504942713462,105
16504942714175,106
16504942714887,107
16504942715621,108
16504942716334,109
16504942717050,110
16504942717755,111
16504942718445,112
16504942719200,113
16504942719885,114
16504942720593,115
16504942721331,116
16504942722047,117
16504942722761,118
16504942723558,119
16504942724253,120
16504942724968,121
16504942725703,122
16504942726377,123
16504942727115,124
16504942727804,125
16504942728509,126
16504942729216,127
16504942729930,128
16504942730711,129
16504942731476,130
16504942732231,131
16504942732884,132
16504942733561,133
16504942734234,134
16504942734943,135
16504942735662,136
16504942736359,137
16504942737049,138
16504942737796,139
16504942738470,140
16504942739210,141
16504942739931,142
16504942740698,143
16504942741401,144
16504942742091,145
16504942742810,146
16504942743501,147
16504942744190,148
16504942744867,149
16504942745594,150
16504942746306,151
16504942747111,152
16504942747798,153
16504942748469,154
16504942749131,155
16504942749770,156
16504942750422,157
16504942751056,158
16504942751742,159
16504942752416,160
16504942753070,161
16504942753727,162
16504942754351,163
16504942754998,164
16504942755637,165
16504942756324,166
16504942756986,167
16504942757630,168
16504942758374,169
16504942759036,170
16504942759695,171
16504942760308,172
16504942760962,173
16504942761650,174
16504942762334,175
16504942762977,176
16504942763618,177
16504942764266,178
16504942764903,179
16504942765571,180
16504942766234,181
16504942766878,182
16504942767511,183
16504942768164,184
16504942768833,185
16504942769454,186
16504942770143,187
16504942770761,188
16504942771397,189
16504942772066,190
16504942772716,191
16504942773373,192
16504942774030,193
16504942774700,194
16504942775339,195
16504942775978,196
16504942776619,197
16504942777306,198
16504942777958,199
16504942778631,200
16504942779258,201
16504942779888,202
16504942780516,203
16504942781148,204
16504942781771,205
16504942782392,206
16504942783042,207
16504942783712,208
16504942784356,209
16504942785007,210
16504942785646,211
16504942786292,212
16504942786973,213
16504942787643,214
16504942788308,215
16504942788948,216
16504942789621,217
16504942790286,218
16504942790931,219
16504942791576,220
16504942792234,221
16504942793004,222
16504942793646,223
16504942794310,224
16504942794966,225
16504942795565,226
16504942796208,227
16504942796859,228
16504942797554,229
16504942798249,230
16504942798920,231
16504942799573,232
16504942800232,233
16504942800874,234
16504942801548,235
16504942802191,236
16504942802876,237
16504942803557,238
16504942804221,239
16504942804918,240
16504942805559,241
16504942806243,242
16504942806875,243
16504942807565,244
16504942808261,245
16504942808912,246
16504942809555,247
16504942810206,248
16504942810879,249
16504942811579,250
16504942812248,251
16504942812880,252
16504942813591,253
16504942814245,254
16504942814880,255
16504942815506,256
16504942816210,257
16504942816860,258
16504942817513,259
16504942818175,260
16504942818881,261
16504942819534,262
16504942820198,263
16504942820863,264
16504942821514,265
16504942822150,266
16504942822786,267
16504942823454,268
16504942824074,269
16504942824689,270
16504942825329,271
16504942825961,272
16504942826560,273
16504942827130,274
16504942827753,275
16504942828362,276
16504942828999,277
16504942829647,278
16504942830328,279
16504942830978,280
16504942831590,281
16504942832235,282
16504942832876,283
16504942833522,284
16504942834147,285
16504942834775,286
16504942835389,287
16504942836034,288
16504942836712,289
16504942837355,290
16504942838009,291
16504942838637,292
16504942839369,293
16504942840001,294
16504942840664,295
16504942841313,296
16504942841960,297
16504942842616,298
16504942843308,299
16504942843986,300
16504942844707,301
16504942845404,302
16504942846082,303
16504942846772,304
16504942847461,305
16504942848110,306
16504942848787,307
16504942849458,308
16504942850122,309
16504942850778,310
16504942851508,311
16504942852253,312
16504942852954,313
16504942853712,314
16504942854462,315
16504942855188,316
16504942855931,317
16504942856662,318
16504942857392,319
16504942858136,320
16504942858853,321
16504942859591,322
16504942860304,323
16504942861006,324
16504942861741,325
16504942862495,326
16504942863168,327
16504942863883,328
16504942864594,329
16504942865392,330
16504942866160,331
16504942866962,332
16504942867723,333
16504942868458,334
16504942869233,335
16504942869958,336
16504942870701,337
16504942871419,338
16504942872185,339
16504942873056,340
16504942873808,341
16504942874540,342
16504942875246,343
16504942875914,344
16504942876744,345
16504942877495,346
16504942878246,347
16504942879009,348
16504942879797,349
16504942880580,350
16504942881394,351
16504942882193,352
16504942882931,353
16504942883713,354
16504942884473,355
16504942885195,356
16504942885915,357
16504942886681,358
16504942887411,359
16504942888136,360
16504942888884,361
16504942889597,362
16504942890320,363
16504942891070,364
16504942891762,365
16504942892516,366
16504942893246,367
16504942893998,368
16504942894763,369
16504942895522,370
16504942896266,371
16504942897003,372
16504942897713,373
16504942898466,374
16504942899202,375
16504942899914,376
16504942900628,377
16504942901376,378
16504942902138,379
16504942902930,380
16504942903670,381
16504942904395,382
16504942905080,383
16504942905797,384
16504942906500,385
16504942907238,386
16504942907993,387
16504942908707,388
16504942909416,389
16504942910117,390
16504942910837,391
16504942911635,392
16504942912358,393
16504942913068,394
16504942913796,395
16504942914515,396
16504942915255,397
16504942915980,398
16504942916738,399
16504942917455,400
16504942918165,401
16504942918918,402
16504942919640,403
16504942920402,404
16504942921151,405
16504942921845,406
16504942922568,407
16504942923274,408
16504942923979,409
16504942924675,410
16504942925435,411
16504942926189,412
16504942926891,413
16504942927598,414
16504942928319,415
16504942929009,416
16504942929701,417
16504942930404,418
16504942931120,419
16504942931864,420
16504942932586,421
16504942933272,422
16504942933986,423
16504942934682,424
16504942935439,425
16504942936082,426
16504942936747,427
16504942937415,428
16504942938114,429
16504942938822,430
16504942939533,431
16504942940225,432
16504942940929,433
16504942941574,434
16504942942249,435
16504942942938,436
16504942943636,437
16504942944338,438
16504942945056,439
16504942945709,440
16504942946397,441
16504942947064,442
16504942947735,443
16504942948394,444
16504942949054,445
16504942949744,446
16504942950436,447
16504942951140,448
16504942951825,449
16504942952510,450
16504942953193,451
16504942953882,452
16504942954685,453
16504942955389,454
16504942956071,455
16504942956772,456
16504942957434,457
16504942958154,458
16504942958922,459
16504942959656,460
16504942960345,461
16504942961041,462
16504942961659,463
16504942962327,464
16504942963012,465
16504942963694,466
16504942964390,467
16504942965097,468
16504942965768,469
16504942966487,470
16504942967168,471
16504942967882,472
16504942968580,473
16504942969198,474
16504942969791,475
16504942970407,476
16504942971012,477
16504942971632,478
16504942972284,479
16504942972935,480
16504942973568,481
16504942974178,482
16504942974793,483
16504942975386,484
16504942976004,485
16504942976546,486
16504942977091,487
16504942977627,488
16504942978218,489
16504942978810,490
16504942979465,491
16504942980082,492
16504942980677,493
16504942981276,494
16504942982101,495
16504942982697,496
16504942983272,497
16504942983889,498
16504942984494,499
16504942985086,500
16504942985677,501
16504942986286,502
16504942986870,503
16504942987460,504
16504942988049,505
16504942988627,506
16504942989211,507
16504942989796,508
16504942990375,509
16504942991030,510
16504942991613,511
16504942992207,512
16504942992783,513
16504942993354,514
16504942993928,515
16504942994516,516
16504942995111,517
16504942995699,518
16504942996313,519
16504942996925,520
16504942997539,521
16504942998156,522
16504942998741,523
16504942999371,524
16504942999957,525
16504943000560,526
16504943001150,527
16504943001752,528
16504943002354,529
16504943002973,530
16504943003547,531
16504943004111,532
16504943004690,533
16504943005325,534
16504943005874,535
16504943006429,536
16504943006997,537
16504943007564,538
16504943008124,539
16504943008697,540
16504943009290,541
16504943009871,542
16504943010476,543
16504943011086,544
16504943011696,545
16504943012307,546
16504943012916,547
16504943013543,548
16504943014167,549
16504943014748,550
16504943015397,551
16504943015977,552
16504943016544,553
16504943017086,554
16504943017594,555
16504943018138,556
16504943018695,557
16504943019301,558
16504943019919,559
16504943020513,560
16504943021112,561
16504943021675,562
16504943022236,563
16504943022803,564
16504943023336,565
16504943023843,566
16504943024366,567
16504943024907,568
16504943025504,569
16504943026066,570
16504943026606,571
16504943027176,572
16504943027731,573
16504943028293,574
16504943028878,575
16504943029396,576
16504943029966,577
16504943030507,578
16504943031046,579
16504943031562,580
16504943032101,581
16504943032615,582
16504943033165,583
16504943033722,584
16504943034240,585
16504943034810,586
16504943035382,587
16504943035921,588
16504943036433,589
16504943036976,590
16504943037560,591
16504943038125,592
16504943038679,593
16504943039218,594
16504943039725,595
16504943040215,596
16504943040721,597
16504943041249,598
16504943041779,599
16504943042315,600
16504943042878,601
16504943043462,602
16504943044013,603
16504943044558,604
16504943045088,605
16504943045609,606
16504943046124,607
16504943046635,608
16504943047158,609
16504943047661,610
16504943048203,611
16504943048734,612
16504943049272,613
16504943049811,614
16504943050334,615
16504943050852,616
16504943051381,617
16504943051986,618
16504943052524,619
16504943053059,620
16504943053583,621
16504943054115,622
16504943054632,623
16504943055122,624
16504943055673,625
16504943056223,626
16504943056737,627
16504943057246,628
16504943057758,629
16504943058295,630
16504943058854,631
16504943059422,632
16504943059940,633
16504943060499,634
16504943061029,635
16504943061557,636
16504943062064,637
16504943062601,638
16504943063127,639
16504943063654,640
16504943064172,641
16504943064670,642
16504943065187,643
16504943065732,644
16504943066317,645
16504943066847,646
16504943067385,647
16504943067944,648
16504943068467,649
16504943069015,650
16504943069609,651
16504943070152,652
16504943070650,653
16504943071175,654
16504943071698,655
16504943072219,656
16504943072757,657
16504943073343,658
16504943073920,659
16504943074489,660
16504943075054,661
16504943075834,662
16504943076387,663
16504943076928,664
16504943077481,665
16504943078025,666
16504943078588,667
16504943079144,668
16504943079707,669
16504943080294,670
16504943080867,671
16504943081357,672
16504943081890,673
16504943082457,674
16504943083005,675
16504943083548,676
16504943084091,677
16504943084619,678
16504943085175,679
16504943085741,680
16504943086488,681
16504943087026,682
16504943087527,683
16504943088069,684
16504943088598,685
16504943089158,686
16504943089717,687
16504943090259,688
16504943090845,689
16504943091420,690
16504943091986,691
16504943092539,692
16504943093146,693
16504943093671,694
16504943094196,695
16504943094706,696
16504943095230,697
16504943095766,698
16504943096312,699
16504943096857,700
16504943097419,701
16504943097972,702
16504943098583,703
16504943099108,704
16504943099631,705
16504943100116,706
16504943100652,707
16504943101168,708
16504943101694,709
16504943102203,710
16504943102733,711
16504943103250,712
16504943103758,713
16504943104239,714
16504943104781,715
16504943105284,716
16504943105784,717
16504943106316,718
16504943106879,719
16504943107426,720
16504943107954,721
16504943108557,722
16504943109125,723
16504943109712,724
16504943110257,725
16504943110787,726
16504943111373,727
16504943111969,728
16504943112556,729
16504943113145,730
16504943113711,731
16504943114289,732
16504943114839,733
16504943115412,734
16504943115956,735
16504943116587,736
16504943117146,737
16504943117720,738
16504943118276,739
16504943118864,740
16504943119460,741
16504943120055,742
16504943120652,743
16504943121250,744
16504943121838,745
16504943122421,746
16504943123035,747
16504943123623,748
16504943124242,749
16504943124836,750
16504943125396,751
16504943125955,752
16504943126531,753
16504943127101,754
16504943127719,755
16504943128298,756
16504943128816,757
16504943129357,758
16504943129945,759
16504943130526,760
16504943131113,761
16504943131652,762
16504943132248,763
16504943132820,764
16504943133399,765
16504943133996,766
16504943134585,767
16504943135154,768
16504943135708,769
16504943136321,770
16504943136931,771
16504943137535,772
16504943138150,773
16504943138728,774
16504943139352,775
16504943139869,776
16504943140478,777
16504943141029,778
16504943141631,779
16504943142210,780
16504943142867,781
16504943143457,782
16504943144033,783
16504943144595,784
16504943145194,785
16504943145721,786
16504943146312,787
16504943146918,788
16504943147523,789
16504943148142,790
16504943148738,791
16504943149367,792
16504943149964,793
16504943150551,794
16504943151127,795
16504943151734,796
16504943152324,797
16504943152905,798
16504943153483,799
16504943154035,800
16504943154630,801
16504943155180,802
16504943155756,803
16504943156345,804
16504943156884,805
16504943157462,806
16504943157981,807
16504943158559,808
16504943159112,809
16504943159607,810
16504943160155,811
16504943160685,812
16504943161155,813
16504943161625,814
16504943162156,815
16504943162684,816
16504943163232,817
16504943163768,818
16504943164393,819
16504943164895,820
16504943165453,821
16504943165982,822
16504943166579,823
16504943167180,824
16504943167764,825
16504943168349,826
16504943168986,827
16504943169672,828
16504943170343,829
16504943171059,830
16504943171715,831
16504943172424,832
16504943173127,833
16504943173853,834
16504943174544,835
16504943175255,836
16504943175998,837
16504943176702,838
16504943177449,839
16504943178202,840
16504943178958,841
16504943179729,842
16504943180467,843
16504943181222,844
16504943182009,845
16504943182794,846
16504943183576,847
16504943184354,848
16504943185123,849
16504943185920,850
16504943186711,851
16504943187648,852
16504943188386,853
16504943189146,854
16504943189884,855
16504943190670,856
16504943191403,857
16504943192177,858
16504943192954,859
16504943193743,860
16504943194577,861
16504943195311,862
16504943196086,863
16504943196850,864
16504943197649,865
16504943198353,866
16504943199102,867
16504943199822,868
16504943200599,869
16504943201385,870
16504943202127,871
16504943202873,872
16504943203609,873
16504943204341,874
16504943205055,875
16504943205719,876
16504943206362,877
16504943207046,878
16504943207669,879
16504943208346,880
16504943208949,881
16504943209497,882
16504943210079,883
16504943210629,884
16504943211158,885
16504943211738,886
16504943212264,887
16504943212758,888
16504943213327,889
16504943213840,890
16504943214372,891
16504943214940,892
16504943215452,893
16504943215980,894
16504943216517,895
16504943217054,896
16504943217556,897
16504943218101,898
16504943218633,899
16504943219170,900
16504943219705,901
16504943220224,902
16504943220746,903
16504943221269,904
16504943221803,905
16504943222342,906
16504943222880,907
16504943223415,908
16504943223982,909
16504943224494,910
16504943225025,911
16504943225589,912
16504943226098,913
16504943226651,914
16504943227170,915
16504943227717,916
16504943228240,917
16504943228774,918
16504943229292,919
16504943229899,920
16504943230404,921
16504943230923,922
